fl=0.5 
                  Bottom -t                         left - t                              Up-t
A=1：        4.95155                             4.99084                          5.10874
A=0.5:        4.95155                             4.99739                         5.10874
A=0.1:        4.95155                            5.00394                          5.10219
 

fl=0.8
                  Bottom -t                         left - t                              Up-t
A=1：        7.89235                            8.08229                         8.55386
A=0.5:       7.89235                              8.09539                        8.54076
A=0.1:         7.89235                         8.10194                         8.54076

 

